2.000000000000000000e+02 1.000000000000000021e-03
2.011011011011011078e+02 9.995202770714797444e-04
2.022022022022022156e+02 9.990382015395106105e-04
2.033033033033032950e+02 9.985537995970449401e-04
2.044044044044044028e+02 9.980670974370367890e-04
2.055055055055055107e+02 9.975781212524391286e-04
2.066066066066066185e+02 9.970868972362060146e-04
2.077077077077076979e+02 9.965934515812899849e-04
2.088088088088088057e+02 9.960978104806450951e-04
2.099099099099099135e+02 9.956000001272245336e-04
2.110110110110110213e+02 9.951000467139812719e-04
2.121121121121121007e+02 9.945979764338691489e-04
2.132132132132132085e+02 9.940938154798415697e-04
2.143143143143143163e+02 9.935875900448517227e-04
2.154154154154154241e+02 9.930793263218532299e-04
2.165165165165165035e+02 9.925690505037990628e-04
2.176176176176176114e+02 9.920567887836430603e-04
2.187187187187187192e+02 9.915425673543384107e-04
2.198198198198198270e+02 9.910264124088380856e-04
2.209209209209209348e+02 9.905083501400959237e-04
2.220220220220220142e+02 9.899884067410657639e-04
2.231231231231231220e+02 9.894666084047001441e-04
2.242242242242242298e+02 9.889429813239526863e-04
2.253253253253253376e+02 9.884175516917770125e-04
2.264264264264264170e+02 9.878903457011265279e-04
2.275275275275275249e+02 9.873613895449542040e-04
2.286286286286286327e+02 9.868307094162136629e-04
2.297297297297297405e+02 9.862983315078585264e-04
2.308308308308308483e+02 9.857642820128417662e-04
2.319319319319319277e+02 9.852285871241170043e-04
2.330330330330330355e+02 9.846912730346374289e-04
2.341341341341341433e+02 9.841523659373570959e-04
2.352352352352352227e+02 9.836118920252281093e-04
2.363363363363363305e+02 9.830698774912051754e-04
2.374374374374374383e+02 9.825263485282410489e-04
2.385385385385385462e+02 9.819813313292889180e-04
2.396396396396396540e+02 9.814348520873026217e-04
2.407407407407407334e+02 9.808869369952351314e-04
2.418418418418418412e+02 9.803376122460402860e-04
2.429429429429429490e+02 9.797869040326710570e-04
2.440440440440440284e+02 9.792348385480810664e-04
2.451451451451451362e+02 9.786814419852239363e-04
2.462462462462462440e+02 9.781267405370524214e-04
2.473473473473473518e+02 9.775707603965201435e-04
2.484484484484484597e+02 9.770135277565807248e-04
2.495495495495495675e+02 9.764550688101875705e-04
2.506506506506506469e+02 9.758954097502937604e-04
2.517517517517517547e+02 9.753345767698526998e-04
2.528528528528528625e+02 9.747725960618181191e-04
2.539539539539539419e+02 9.742094938191429897e-04
2.550550550550550497e+02 9.736452962347809338e-04
2.561561561561561575e+02 9.730800295016853564e-04
2.572572572572572653e+02 9.725137198128093376e-04
2.583583583583583732e+02 9.719463933611067162e-04
2.594594594594594810e+02 9.713780763395305721e-04
2.605605605605605888e+02 9.708087949410344189e-04
2.616616616616616966e+02 9.702385753585715533e-04
2.627627627627627476e+02 9.696674437850953806e-04
2.638638638638638554e+02 9.690954264135593060e-04
2.649649649649649632e+02 9.685225494369167345e-04
2.660660660660660710e+02 9.679488390481210715e-04
2.671671671671671788e+02 9.673743214401255052e-04
2.682682682682682866e+02 9.667990228058837661e-04
2.693693693693693376e+02 9.662229693383489340e-04
2.704704704704704454e+02 9.656461872304745227e-04
2.715715715715715532e+02 9.650687026752138289e-04
2.726726726726726611e+02 9.644905418655202577e-04
2.737737737737737689e+02 9.639117309943474312e-04
2.748748748748748767e+02 9.633322962546483209e-04
2.759759759759759845e+02 9.627522638393767656e-04
2.770770770770770923e+02 9.621716599414858453e-04
2.781781781781782001e+02 9.615905107539289651e-04
2.792792792792793080e+02 9.610088424696596387e-04
2.803803803803804158e+02 9.604266812816310544e-04
2.814814814814814667e+02 9.598440533827968342e-04
2.825825825825825746e+02 9.592609849661100580e-04
2.836836836836836824e+02 9.586775022245244563e-04
2.847847847847847902e+02 9.580936313509932174e-04
2.858858858858858980e+02 9.575093985384697465e-04
2.869869869869870058e+02 9.569248299799074488e-04
2.880880880880880568e+02 9.563399518682595126e-04
2.891891891891891646e+02 9.557547903964798853e-04
2.902902902902902724e+02 9.551693717575213214e-04
2.913913913913913802e+02 9.545837221443375514e-04
2.924924924924924881e+02 9.539978677498818721e-04
2.935935935935935959e+02 9.534118347671074719e-04
2.946946946946947037e+02 9.528256493889681895e-04
2.957957957957958115e+02 9.522393378084169965e-04
2.968968968968969193e+02 9.516529262184075149e-04
2.979979979979980271e+02 9.510664408118928246e-04
2.990990990990991349e+02 9.504799077818267645e-04
3.002002002002001859e+02 9.498933533211624146e-04
3.013013013013012937e+02 9.493068036228532883e-04
3.024024024024024015e+02 9.487202848798525741e-04
3.035035035035035094e+02 9.481338232851138940e-04
3.046046046046046172e+02 9.475474450315904363e-04
3.057057057057057250e+02 9.469611763122358231e-04
3.068068068068068328e+02 9.463750433200031342e-04
3.079079079079078838e+02 9.457890722478458833e-04
3.090090090090089916e+02 9.452032892887176924e-04
3.101101101101100994e+02 9.446177206355716414e-04
3.112112112112112072e+02 9.440323924813611356e-04
3.123123123123123150e+02 9.434473310190396884e-04
3.134134134134134229e+02 9.428625624415605967e-04
3.145145145145145307e+02 9.422781129418773740e-04
3.156156156156156385e+02 9.416940087129432087e-04
3.167167167167167463e+02 9.411102759477116145e-04
3.178178178178178541e+02 9.405269408391359965e-04
3.189189189189189051e+02 9.399440295801695430e-04
3.200200200200200129e+02 9.393615683637659844e-04
3.211211211211211207e+02 9.387795833828784008e-04
3.222222222222222285e+02 9.381981008304601972e-04
3.233233233233233364e+02 9.376171468994648874e-04
3.244244244244244442e+02 9.370367477828459848e-04
3.255255255255255520e+02 9.364569296735564610e-04
3.266266266266266030e+02 9.358777187645500465e-04
3.277277277277277108e+02 9.352991412487800379e-04
3.288288288288288186e+02 9.347212233191997321e-04
3.299299299299299264e+02 9.341439911687626427e-04
3.310310310310310342e+02 9.335674709904219579e-04
3.321321321321321420e+02 9.329916889771314083e-04
3.332332332332332498e+02 9.324166713218440738e-04
3.343343343343343577e+02 9.318424442175133595e-04
3.354354354354354655e+02 9.312690338570926707e-04
3.365365365365365733e+02 9.306964664335356293e-04
3.376376376376376811e+02 9.301247681397953153e-04
3.387387387387387321e+02 9.295539651688253507e-04
3.398398398398398399e+02 9.289840837135789238e-04
3.409409409409409477e+02 9.284151499670094398e-04
3.420420420420420555e+02 9.278471901220703040e-04
3.431431431431431633e+02 9.272802303717150299e-04
3.442442442442442143e+02 9.267142969088969142e-04
3.453453453453453221e+02 9.261494159265692538e-04
3.464464464464464299e+02 9.255856136176855622e-04
3.475475475475475378e+02 9.250229161751991362e-04
3.486486486486486456e+02 9.244613497920633810e-04
3.497497497497497534e+02 9.239009406612317017e-04
3.508508508508508612e+02 9.233417149756576120e-04
3.519519519519519690e+02 9.227836989282941918e-04
3.530530530530530768e+02 9.222269187120950631e-04
3.541541541541541847e+02 9.216714005200135227e-04
3.552552552552552925e+02 9.211171705450030842e-04
3.563563563563564003e+02 9.205642549800168275e-04
3.574574574574574513e+02 9.200126800180083745e-04
3.585585585585585591e+02 9.194624718519312390e-04
3.596596596596596669e+02 9.189136566747385009e-04
3.607607607607607747e+02 9.183662606793836737e-04
3.618618618618618825e+02 9.178203100588201626e-04
3.629629629629629335e+02 9.172758310060013728e-04
3.640640640640640413e+02 9.167328497138806011e-04
3.651651651651651491e+02 9.161913923754113611e-04
3.662662662662662569e+02 9.156514851835468411e-04
3.673673673673673647e+02 9.151131543312405548e-04
3.684684684684684726e+02 9.145764260114459072e-04
3.695695695695695804e+02 9.140413264171163036e-04
3.706706706706706882e+02 9.135078817412049324e-04
3.717717717717717960e+02 9.129761181766654155e-04
3.728728728728729038e+02 9.124460619164510497e-04
3.739739739739740116e+02 9.119177391535152402e-04
3.750750750750751195e+02 9.113911760808112838e-04
3.761761761761761704e+02 9.108663988912925856e-04
3.772772772772772782e+02 9.103434337779126593e-04
3.783783783783783861e+02 9.098223069336246931e-04
3.794794794794794939e+02 9.093030445513822007e-04
3.805805805805806017e+02 9.087856728241384789e-04
3.816816816816816527e+02 9.082702179448471497e-04
3.827827827827827605e+02 9.077567061064612929e-04
3.838838838838838683e+02 9.072451635019344223e-04
3.849849849849849761e+02 9.067356163242200513e-04
3.860860860860860839e+02 9.062280907662712600e-04
3.871871871871871917e+02 9.057226130210416703e-04
3.882882882882882996e+02 9.052192092814846875e-04
3.893893893893894074e+02 9.047179057405534998e-04
3.904904904904905152e+02 9.042187285912016209e-04
3.915915915915916230e+02 9.037217040263823475e-04
3.926926926926927308e+02 9.032268582390491933e-04
3.937937937937938386e+02 9.027342174221556718e-04
3.948948948948949464e+02 9.022438077686547545e-04
3.959959959959959974e+02 9.017556554715001720e-04
3.970970970970971052e+02 9.012697867236451124e-04
3.981981981981982130e+02 9.007862277180429811e-04
3.992992992992993209e+02 9.003050046476472916e-04
4.004004004004003718e+02 8.998261392363262993e-04
4.015015015015014797e+02 8.993494354098811351e-04
4.026026026026025875e+02 8.988743856547476386e-04
4.037037037037036953e+02 8.984004585058594098e-04
4.048048048048048031e+02 8.979271224981493979e-04
4.059059059059059109e+02 8.974538461665513113e-04
4.070070070070070187e+02 8.969800980459978826e-04
4.081081081081081265e+02 8.965053466714229284e-04
4.092092092092092344e+02 8.960290605777593981e-04
4.103103103103103422e+02 8.955507082999406747e-04
4.114114114114114500e+02 8.950697583729000329e-04
4.125125125125125578e+02 8.945856793315706389e-04
4.136136136136136656e+02 8.940979397108858757e-04
4.147147147147147166e+02 8.936060080457791264e-04
4.158158158158158244e+02 8.931093528711835572e-04
4.169169169169169322e+02 8.926074427220323342e-04
4.180180180180180400e+02 8.920997461332588405e-04
4.191191191191190910e+02 8.915857316397964591e-04
4.202202202202201988e+02 8.910648677765783563e-04
4.213213213213213066e+02 8.905366230785378067e-04
4.224224224224224145e+02 8.900004660806081934e-04
4.235235235235235223e+02 8.894558653177225740e-04
4.246246246246246301e+02 8.889022893248144401e-04
4.257257257257257379e+02 8.883392066368171747e-04
4.268268268268268457e+02 8.877660857886636187e-04
4.279279279279279535e+02 8.871823953152873721e-04
4.290290290290290613e+02 8.865876037516218179e-04
4.301301301301301692e+02 8.859811796325999054e-04
4.312312312312312770e+02 8.853625914931552345e-04
4.323323323323323848e+02 8.847313078682207546e-04
4.334334334334334358e+02 8.840867972927301741e-04
4.345345345345345436e+02 8.834285283016163337e-04
4.356356356356356514e+02 8.827559694298128335e-04
4.367367367367367592e+02 8.820685892122528396e-04
4.378378378378378102e+02 8.813658561838694097e-04
4.389389389389389180e+02 8.806472388795961439e-04
4.400400400400400258e+02 8.799122058343662083e-04
4.411411411411411336e+02 8.791602255831129859e-04
4.422422422422422414e+02 8.783907666607694261e-04
4.433433433433433493e+02 8.776032976022692372e-04
4.444444444444444571e+02 8.767972869425454769e-04
4.455455455455455649e+02 8.759722032165314200e-04
4.466466466466466727e+02 8.751275149591603410e-04
4.477477477477477805e+02 8.742626907053655146e-04
4.488488488488488883e+02 8.733771989900803237e-04
4.499499499499499962e+02 8.724705083482378262e-04
4.510510510510511040e+02 8.715420873147716220e-04
4.521521521521521549e+02 8.705914044246148772e-04
4.532532532532532628e+02 8.696179282127006497e-04
4.543543543543543706e+02 8.686211272139624309e-04
4.554554554554554784e+02 8.676004699633333870e-04
4.565565565565565862e+02 8.665554249957470095e-04
4.576576576576576940e+02 8.654854608461362477e-04
4.587587587587587450e+02 8.643900460494348100e-04
4.598598598598598528e+02 8.632686491405756456e-04
4.609609609609609606e+02 8.621207386544920293e-04
4.620620620620620684e+02 8.609457831261174525e-04
4.631631631631631763e+02 8.597432510903848645e-04
4.642642642642642841e+02 8.585126110822279737e-04
4.653653653653653919e+02 8.572533316365797294e-04
4.664664664664664997e+02 8.559648812883735147e-04
4.675675675675676075e+02 8.546467285725426041e-04
4.686686686686686585e+02 8.532983420240204892e-04
4.697697697697697663e+02 8.519191901777401193e-04
4.708708708708708741e+02 8.505087415686347690e-04
4.719719719719719819e+02 8.490664647316380383e-04
4.730730730730730897e+02 8.475918282016828764e-04
4.741741741741741976e+02 8.460843005137027749e-04
4.752752752752753054e+02 8.445433502026308999e-04
4.763763763763764132e+02 8.429684458034006345e-04
4.774774774774774642e+02 8.413590558509453617e-04
4.785785785785785720e+02 8.397146488801979225e-04
4.796796796796796798e+02 8.380346934260920252e-04
4.807807807807807876e+02 8.363186580235607275e-04
4.818818818818818954e+02 8.345660112075374126e-04
4.829829829829830032e+02 8.327762215129552465e-04
4.840840840840841111e+02 8.309487574747476124e-04
4.851851851851852189e+02 8.290830876278476765e-04
4.862862862862863267e+02 8.271786805071891470e-04
4.873873873873873777e+02 8.252350046477047564e-04
4.884884884884884855e+02 8.232515285843278879e-04
4.895895895895895933e+02 8.212277208519921413e-04
4.906906906906907011e+02 8.191630499856303576e-04
4.917917917917918089e+02 8.170569845201761366e-04
4.928928928928929167e+02 8.149089929905626445e-04
4.939939939939940245e+02 8.127185439317231560e-04
4.950950950950951324e+02 8.104851058785909456e-04
4.961961961961961833e+02 8.082081473660995049e-04
4.972972972972972912e+02 8.058871369291817832e-04
4.983983983983983990e+02 8.035215431027711635e-04
4.994994994994995068e+02 8.011108344218010290e-04
5.006006006006006146e+02 7.986545180889230953e-04
5.017017017017017224e+02 7.961528261474934637e-04
5.028028028028028302e+02 7.936066343867746427e-04
5.039039039039039380e+02 7.910168409731803798e-04
5.050050050050050459e+02 7.883843440731249643e-04
5.061061061061060968e+02 7.857100418530225776e-04
5.072072072072072046e+02 7.829948324792871837e-04
5.083083083083083125e+02 7.802396141183328554e-04
5.094094094094094203e+02 7.774452849365736653e-04
5.105105105105105281e+02 7.746127431004239030e-04
5.116116116116116359e+02 7.717428867762974242e-04
5.127127127127128006e+02 7.688366141306086270e-04
5.138138138138137947e+02 7.658948233297716924e-04
5.149149149149149025e+02 7.629184125402001509e-04
5.160160160160160103e+02 7.599082799283084005e-04
5.171171171171171181e+02 7.568653236605107307e-04
5.182182182182182260e+02 7.537904419032211058e-04
5.193193193193193338e+02 7.506845328228535985e-04
5.204204204204204416e+02 7.475484945858222813e-04
5.215215215215215494e+02 7.443832253585411186e-04
5.226226226226226572e+02 7.411896233074246167e-04
5.237237237237237650e+02 7.379685865988866314e-04
5.248248248248248728e+02 7.347210133993412355e-04
5.259259259259258670e+02 7.314478018752029352e-04
5.270270270270270885e+02 7.281498501928848274e-04
5.281281281281280826e+02 7.248280565188022859e-04
5.292292292292293041e+02 7.214833190193680823e-04
5.303303303303302982e+02 7.181165358609978072e-04
5.314314314314315197e+02 7.147286052101040153e-04
5.325325325325325139e+02 7.113204252331021887e-04
5.336336336336336217e+02 7.078928940964055328e-04
5.347347347347347295e+02 7.044469099664284455e-04
5.358358358358358373e+02 7.009833710095851080e-04
5.369369369369369451e+02 6.975031753922893759e-04
5.380380380380380529e+02 6.940072212809553220e-04
5.391391391391391608e+02 6.904964068419975612e-04
5.402402402402402686e+02 6.869716302418297322e-04
5.413413413413413764e+02 6.834337896468659079e-04
5.424424424424424842e+02 6.798837832235204862e-04
5.435435435435435920e+02 6.763225091382074313e-04
5.446446446446445862e+02 6.727508655573410327e-04
5.457457457457458077e+02 6.691697506473346041e-04
5.468468468468468018e+02 6.655800625746036278e-04
5.479479479479480233e+02 6.619826995055604416e-04
5.490490490490490174e+02 6.583785596066210697e-04
5.501501501501502389e+02 6.547685410441978502e-04
5.512512512512512330e+02 6.511535419847063735e-04
5.523523523523523409e+02 6.475344605945598450e-04
5.534534534534534487e+02 6.439121950401723374e-04
5.545545545545545565e+02 6.402876434879583569e-04
5.556556556556556643e+02 6.366617041043318680e-04
5.567567567567567721e+02 6.330352750557068347e-04
5.578578578578578799e+02 6.294092545084974382e-04
5.589589589589589878e+02 6.257845406291179680e-04
5.600600600600600956e+02 6.221620315839822800e-04
5.611611611611612034e+02 6.185426255395046636e-04
5.622622622622623112e+02 6.149272206620989747e-04
5.633633633633633053e+02 6.113167151181799364e-04
5.644644644644645268e+02 6.077120070741602121e-04
5.655655655655655210e+02 6.041139946964558258e-04
5.666666666666667425e+02 6.005235761514791156e-04
5.677677677677677366e+02 5.969416496056456720e-04
5.688688688688689581e+02 5.933691132253681583e-04
5.699699699699699522e+02 5.898068651770622733e-04
5.710710710710711737e+02 5.862558036271404635e-04
5.721721721721721678e+02 5.827168267420184278e-04
5.732732732732732757e+02 5.791908326881089379e-04
5.743743743743743835e+02 5.756787196318266086e-04
5.754754754754754913e+02 5.721813857395858377e-04
5.765765765765765991e+02 5.686997291778002643e-04
5.776776776776777069e+02 5.652346481128842862e-04
5.787787787787788147e+02 5.617870407112517594e-04
5.798798798798799226e+02 5.583578051393169733e-04
5.809809809809810304e+02 5.549478395634938922e-04
5.820820820820820245e+02 5.515580421501971309e-04
5.831831831831832460e+02 5.481893110658397862e-04
5.842842842842842401e+02 5.448425444768371234e-04
5.853853853853854616e+02 5.415186405496018058e-04
5.864864864864864558e+02 5.382184974505495323e-04
5.875875875875876773e+02 5.349430133460930745e-04
5.886886886886886714e+02 5.316930864026478062e-04
5.897897897897898929e+02 5.284696147866262822e-04
5.908908908908908870e+02 5.252734966644443098e-04
5.919919919919919948e+02 5.221056302025147691e-04
5.930930930930931027e+02 5.189669135672520580e-04
5.941941941941942105e+02 5.158582449250703576e-04
5.952952952952953183e+02 5.127805224423838491e-04
5.963963963963964261e+02 5.097346442856063881e-04
5.974974974974975339e+02 5.067215086211522643e-04
5.985985985985986417e+02 5.037420136154355504e-04
5.996996996996997495e+02 5.007970574348704273e-04
6.008008008008007437e+02 4.978874898177872675e-04
6.019019019019019652e+02 4.950137054487818407e-04
6.030030030030029593e+02 4.921758496834886852e-04
6.041041041041041808e+02 4.893740653237155062e-04
6.052052052052051749e+02 4.866084951712720146e-04
6.063063063063063964e+02 4.838792820279659698e-04
6.074074074074073906e+02 4.811865686956069742e-04
6.085085085085086121e+02 4.785304979760027872e-04
6.096096096096096062e+02 4.759112126709631740e-04
6.107107107107107140e+02 4.733288555822958940e-04
6.118118118118118218e+02 4.707835695118101700e-04
6.129129129129129296e+02 4.682754972613145748e-04
6.140140140140140375e+02 4.658047816326178433e-04
6.151151151151151453e+02 4.633715654275286024e-04
6.162162162162162531e+02 4.609759914478556955e-04
6.173173173173173609e+02 4.586182024954076953e-04
6.184184184184184687e+02 4.562983413719934995e-04
6.195195195195194628e+02 4.540165508794218431e-04
6.206206206206206843e+02 4.517729738195008652e-04
6.217217217217216785e+02 4.495677529940401138e-04
6.228228228228229000e+02 4.474010312048474569e-04
6.239239239239238941e+02 4.452729512537324428e-04
6.250250250250251156e+02 4.431836559425029933e-04
6.261261261261261097e+02 4.411332880729686027e-04
6.272272272272273312e+02 4.391219904469371386e-04
6.283283283283283254e+02 4.371499058662181494e-04
6.294294294294294332e+02 4.352171771326196655e-04
6.305305305305305410e+02 4.333239470479507472e-04
6.316316316316316488e+02 4.314703584140200756e-04
6.327327327327327566e+02 4.296565540326361689e-04
6.338338338338338644e+02 4.278826767056079249e-04
6.349349349349349723e+02 4.261488692347440246e-04
6.360360360360360801e+02 4.244552744218530946e-04
6.371371371371371879e+02 4.228020350687439243e-04
6.382382382382381820e+02 4.211892939772254115e-04
6.393393393393394035e+02 4.196171939491056949e-04
6.404404404404403977e+02 4.180858777861941604e-04
6.415415415415416192e+02 4.165954882902988383e-04
6.426426426426426133e+02 4.151461682632290599e-04
6.437437437437438348e+02 4.137380605067930727e-04
6.448448448448448289e+02 4.123713078228000996e-04
6.459459459459460504e+02 4.110460530130581711e-04
6.470470470470470445e+02 4.097624388793766185e-04
6.481481481481481524e+02 4.085206082235637434e-04
6.492492492492492602e+02 4.073207038474284435e-04
6.503503503503503680e+02 4.061628685527793998e-04
6.514514514514514758e+02 4.050472451414252931e-04
6.525525525525525836e+02 4.039739764151748587e-04
6.536536536536536914e+02 4.029432051758367233e-04
6.547547547547547993e+02 4.019550742252196761e-04
6.558558558558559071e+02 4.010097263651324524e-04
6.569569569569569012e+02 4.001073043973837873e-04
6.580580580580581227e+02 3.992479511237821449e-04
6.591591591591591168e+02 3.984318093461365856e-04
6.602602602602603383e+02 3.976590218662554650e-04
6.613613613613613325e+02 3.969297314859478436e-04
6.624624624624625540e+02 3.962440810070220771e-04
6.635635635635635481e+02 3.956022132312872800e-04
6.646646646646647696e+02 3.950042709605516996e-04
6.657657657657657637e+02 3.944503969966244505e-04
6.668668668668668715e+02 3.939407341413139968e-04
6.679679679679679793e+02 3.934754251964291279e-04
6.690690690690690872e+02 3.930546129637785247e-04
6.701701701701701950e+02 3.926784402451709765e-04
6.712712712712713028e+02 3.923470498424151643e-04
6.723723723723724106e+02 3.920605845573196064e-04
6.734734734734735184e+02 3.918191871916932548e-04
6.745745745745746262e+02 3.916230005473446819e-04
6.756756756756756204e+02 3.914721674260828398e-04
6.767767767767768419e+02 3.913668306297160299e-04
6.778778778778778360e+02 3.913071329600532585e-04
6.789789789789790575e+02 3.912932172189031521e-04
6.800800800800800516e+02 3.913252262080744461e-04
6.811811811811812731e+02 3.914033027293757671e-04
6.822822822822822673e+02 3.915275895846159586e-04
6.833833833833834888e+02 3.916982295756035932e-04
6.844844844844844829e+02 3.919153655041474060e-04
6.855855855855855907e+02 3.921791401720561322e-04
6.866866866866866985e+02 3.924896963811385069e-04
6.877877877877878063e+02 3.928471769332032653e-04
6.888888888888889142e+02 3.932517246300590882e-04
6.899899899899900220e+02 3.937034822735146025e-04
6.910910910910911298e+02 3.942025926653785974e-04
6.921921921921922376e+02 3.947491986074596997e-04
6.932932932932933454e+02 3.953434429015666445e-04
6.943943943943943395e+02 3.959854683495082754e-04
6.954954954954955610e+02 3.966754177530932733e-04
6.965965965965965552e+02 3.974134339141301023e-04
6.976976976976977767e+02 3.981996596344277686e-04
6.987987987987987708e+02 3.990342377157947364e-04
6.998998998998999923e+02 3.999173109600400659e-04
7.010010010010009864e+02 4.008489205943591887e-04
7.021021021021022079e+02 4.018285734619102441e-04
7.032032032032032021e+02 4.028556012912181826e-04
7.043043043043043099e+02 4.039293357092340405e-04
7.054054054054054177e+02 4.050491083429082033e-04
7.065065065065065255e+02 4.062142508191914905e-04
7.076076076076076333e+02 4.074240947650345046e-04
7.087087087087087411e+02 4.086779718073878481e-04
7.098098098098098490e+02 4.099752135732023404e-04
7.109109109109109568e+02 4.113151516894284756e-04
7.120120120120120646e+02 4.126971177830169647e-04
7.131131131131131724e+02 4.141204434809185185e-04
7.142142142142142802e+02 4.155844604100838481e-04
7.153153153153153880e+02 4.170885001974634475e-04
7.164164164164164958e+02 4.186318944700080820e-04
7.175175175175174900e+02 4.202139748546682456e-04
7.186186186186185978e+02 4.218340729783948660e-04
7.197197197197197056e+02 4.234915204681386001e-04
7.208208208208208134e+02 4.251856489508499962e-04
7.219219219219219212e+02 4.269157900534796025e-04
7.230230230230230291e+02 4.286812754029783470e-04
7.241241241241241369e+02 4.304814366262967235e-04
7.252252252252252447e+02 4.323156053503853890e-04
7.263263263263263525e+02 4.341831132021950544e-04
7.274274274274274603e+02 4.360832918086763221e-04
7.285285285285285681e+02 4.380154727967799574e-04
7.296296296296296759e+02 4.399789877934565086e-04
7.307307307307307838e+02 4.419731684256567408e-04
7.318318318318318916e+02 4.439973463203312565e-04
7.329329329329329994e+02 4.460508531044307667e-04
7.340340340340341072e+02 4.481330204049057656e-04
7.351351351351352150e+02 4.502431798487071808e-04
7.362362362362362092e+02 4.523806630627852897e-04
7.373373373373373170e+02 4.545448016740911827e-04
7.384384384384384248e+02 4.567349273095753538e-04
7.395395395395395326e+02 4.589503715961884599e-04
7.406406406406406404e+02 4.611904661608812119e-04
7.417417417417417482e+02 4.634545426306041580e-04
7.428428428428428560e+02 4.657419326323080635e-04
7.439439439439439639e+02 4.680519677929434767e-04
7.450450450450450717e+02 4.703839797394612169e-04
7.461461461461461795e+02 4.727373000988118325e-04
7.472472472472472873e+02 4.751112604979459801e-04
7.483483483483483951e+02 4.775051925638143708e-04
7.494494494494495029e+02 4.799184279233677155e-04
7.505505505505506108e+02 4.823502982035565083e-04
7.516516516516517186e+02 4.848001350313316227e-04
7.527527527527528264e+02 4.872672700336434987e-04
7.538538538538539342e+02 4.897510348374429015e-04
7.549549549549549283e+02 4.922507610696804335e-04
7.560560560560560361e+02 4.947657803573069684e-04
7.571571571571571440e+02 4.972954243272730002e-04
7.582582582582582518e+02 4.998390246065292399e-04
7.593593593593593596e+02 5.023959128220263984e-04
7.604604604604604674e+02 5.049654206007149699e-04
7.615615615615615752e+02 5.075468795695457737e-04
7.626626626626626830e+02 5.101396213554694123e-04
7.637637637637637908e+02 5.127429775854365967e-04
7.648648648648648987e+02 5.153562798863978211e-04
7.659659659659660065e+02 5.179788598853039047e-04
7.670670670670671143e+02 5.206100492091055585e-04
7.681681681681682221e+02 5.232491794847532766e-04
7.692692692692693299e+02 5.258955823391978784e-04
7.703703703703704377e+02 5.285485893993899665e-04
7.714714714714715456e+02 5.312075322922801433e-04
7.725725725725726534e+02 5.338717426448191198e-04
7.736736736736736475e+02 5.365405520839571733e-04
7.747747747747747553e+02 5.392132922366457736e-04
7.758758758758758631e+02 5.418892947298350896e-04
7.769769769769769709e+02 5.445678911904758323e-04
7.780780780780780788e+02 5.472484132455188209e-04
7.791791791791791866e+02 5.499301925219144413e-04
7.802802802802802944e+02 5.526125606466136212e-04
7.813813813813814022e+02 5.552948492465667463e-04
7.824824824824825100e+02 5.579763899487246359e-04
7.835835835835836178e+02 5.606565143800380010e-04
7.846846846846847257e+02 5.633345541674575525e-04
7.857857857857858335e+02 5.660098409379336762e-04
7.868868868868869413e+02 5.686817063184172998e-04
7.879879879879880491e+02 5.713494819358590259e-04
7.890890890890891569e+02 5.740124994172093485e-04
7.901901901901902647e+02 5.766700903894190870e-04
7.912912912912913725e+02 5.793215864794390609e-04
7.923923923923923667e+02 5.819663193142193304e-04
7.934934934934934745e+02 5.846036205207113656e-04
7.945945945945945823e+02 5.872328217258653352e-04
7.956956956956956901e+02 5.898532545566319502e-04
7.967967967967967979e+02 5.924642506399620300e-04
7.978978978978979058e+02 5.950651416028061771e-04
7.989989989989990136e+02 5.976552590721149940e-04
8.001001001001001214e+02 6.002339347745211731e-04
8.012012012012012292e+02 6.028006722886819881e-04
8.023023023023023370e+02 6.053554996210386806e-04
8.034034034034034448e+02 6.078985444601810954e-04
8.045045045045045526e+02 6.104299344946988604e-04
8.056056056056056605e+02 6.129497974131820374e-04
8.067067067067067683e+02 6.154582609042202543e-04
8.078078078078078761e+02 6.179554526564036811e-04
8.089089089089089839e+02 6.204415003583218374e-04
8.100100100100100917e+02 6.229165316985647849e-04
8.111111111111110858e+02 6.253806743657220430e-04
8.122122122122121937e+02 6.278340560483841072e-04
8.133133133133133015e+02 6.302768044351402801e-04
8.144144144144144093e+02 6.327090472145807318e-04
8.155155155155155171e+02 6.351309120752949818e-04
8.166166166166166249e+02 6.375425267058732002e-04
8.177177177177177327e+02 6.399440187949049065e-04
8.188188188188188406e+02 6.423355160309803793e-04
8.199199199199199484e+02 6.447171461026889212e-04
8.210210210210210562e+02 6.470890366986209192e-04
8.221221221221221640e+02 6.494513155073658927e-04
8.232232232232232718e+02 6.518041102175137951e-04
8.243243243243243796e+02 6.541475485176543626e-04
8.254254254254254874e+02 6.564817580963775486e-04
8.265265265265265953e+02 6.588068666422733062e-04
8.276276276276277031e+02 6.611230018439312635e-04
8.287287287287288109e+02 6.634302913899414820e-04
8.298298298298298050e+02 6.657288629688933729e-04
8.309309309309309128e+02 6.680188442693773231e-04
8.320320320320320207e+02 6.703003629799830689e-04
8.331331331331331285e+02 6.725735467893002384e-04
8.342342342342342363e+02 6.748385233859188932e-04
8.353353353353353441e+02 6.770954204584286613e-04
8.364364364364364519e+02 6.793443656954197126e-04
8.375375375375375597e+02 6.815854867854815669e-04
8.386386386386386675e+02 6.838189114172042856e-04
8.397397397397397754e+02 6.860447672791774969e-04
8.408408408408408832e+02 6.882631820599913706e-04
8.419419419419419910e+02 6.904742834482355349e-04
8.430430430430430988e+02 6.926781991324997261e-04
8.441441441441442066e+02 6.948750568013741143e-04
8.452452452452453144e+02 6.970649841434483273e-04
8.463463463463464223e+02 6.992481088473123186e-04
8.474474474474475301e+02 7.014245586015558243e-04
8.485485485485485242e+02 7.035944610947684726e-04
8.496496496496496320e+02 7.057579440155406503e-04
8.507507507507507398e+02 7.079151350524619853e-04
8.518518518518518476e+02 7.100661618941222141e-04
8.529529529529529555e+02 7.122111522291113984e-04
8.540540540540540633e+02 7.143502337460191660e-04
8.551551551551551711e+02 7.164835341334354702e-04
8.562562562562562789e+02 7.186111810799500474e-04
8.573573573573573867e+02 7.207333022741529592e-04
8.584584584584584945e+02 7.228500254046337252e-04
8.595595595595596023e+02 7.249614781599825154e-04
8.606606606606607102e+02 7.270677882287890663e-04
8.617617617617618180e+02 7.291690832996433310e-04
8.628628628628629258e+02 7.312654910611349375e-04
8.639639639639640336e+02 7.333571392018537307e-04
8.650650650650651414e+02 7.354441554103897721e-04
8.661661661661662492e+02 7.375266673753329066e-04
8.672672672672672434e+02 7.396048027852725453e-04
8.683683683683683512e+02 7.416786893287990751e-04
8.694694694694694590e+02 7.437484546945023409e-04
8.705705705705705668e+02 7.458142265709717536e-04
8.716716716716716746e+02 7.478761326467974835e-04
8.727727727727727824e+02 7.499343006105693753e-04
8.738738738738738903e+02 7.519888581508770570e-04
8.749749749749749981e+02 7.540399329563105902e-04
8.760760760760761059e+02 7.560876527154598197e-04
8.771771771771772137e+02 7.581321451169144819e-04
8.782782782782783215e+02 7.601735378492645301e-04
8.793793793793794293e+02 7.622119586010995922e-04
8.804804804804805372e+02 7.642475350610097298e-04
8.815815815815816450e+02 7.662803949175847878e-04
8.826826826826827528e+02 7.683106658594145025e-04
8.837837837837838606e+02 7.703384755750888272e-04
8.848848848848849684e+02 7.723639517531976067e-04
8.859859859859859625e+02 7.743872220823304689e-04
8.870870870870870704e+02 7.764084142510775839e-04
8.881881881881881782e+02 7.784276559480286881e-04
8.892892892892892860e+02 7.804450748617735179e-04
8.903903903903903938e+02 7.824607986809021349e-04
8.914914914914915016e+02 7.844749550940042756e-04
8.925925925925926094e+02 7.864876717896696762e-04
8.936936936936937173e+02 7.884990764564882900e-04
8.947947947947948251e+02 7.905092967830500703e-04
8.958958958958959329e+02 7.925184604579445366e-04
8.969969969969970407e+02 7.945266951697618589e-04
8.980980980980981485e+02 7.965341286070917737e-04
8.991991991991992563e+02 7.985408884585242341e-04
9.003003003003003641e+02 8.005470998057237757e-04
9.014014014014014720e+02 8.025526332172279974e-04
9.025025025025025798e+02 8.045568947461500002e-04
9.036036036036036876e+02 8.065592410105807287e-04
9.047047047047046817e+02 8.085590286286098265e-04
9.058058058058057895e+02 8.105556142183283465e-04
9.069069069069068973e+02 8.125483543978262576e-04
9.080080080080080052e+02 8.145366057851940707e-04
9.091091091091091130e+02 8.165197249985219714e-04
9.102102102102102208e+02 8.184970686559003622e-04
9.113113113113113286e+02 8.204679933754197539e-04
9.124124124124124364e+02 8.224318557751701154e-04
9.135135135135135442e+02 8.243880124732420661e-04
9.146146146146146521e+02 8.263358200877260083e-04
9.157157157157157599e+02 8.282746352367122361e-04
9.168168168168168677e+02 8.302038145382908269e-04
9.179179179179179755e+02 8.321227146105523997e-04
9.190190190190190833e+02 8.340306920715873573e-04
9.201201201201201911e+02 8.359271035394859935e-04
9.212212212212212989e+02 8.378113056323383857e-04
9.223223223223224068e+02 8.396826549682352616e-04
9.234234234234235146e+02 8.415405081652666984e-04
9.245245245245245087e+02 8.433842218415229901e-04
9.256256256256256165e+02 8.452131526150948645e-04
9.267267267267267243e+02 8.470266571040722904e-04
9.278278278278278322e+02 8.488240919265458871e-04
9.289289289289289400e+02 8.506048137006059487e-04
9.300300300300300478e+02 8.523681790443425523e-04
9.311311311311311556e+02 8.541135445758464258e-04
9.322322322322322634e+02 8.558402669132075379e-04
9.333333333333333712e+02 8.575477026745166164e-04
9.344344344344344790e+02 8.592352084778637385e-04
9.355355355355355869e+02 8.609021409413393066e-04
9.366366366366366947e+02 8.625478566830337233e-04
9.377377377377378025e+02 8.641717123210372825e-04
9.388388388388389103e+02 8.657730644734402785e-04
9.399399399399400181e+02 8.673512697583332220e-04
9.410410410410411259e+02 8.689056847938061903e-04
9.421421421421422338e+02 8.704356661979501279e-04
9.432432432432432279e+02 8.719405705888543532e-04
9.443443443443443357e+02 8.734197545846101359e-04
9.454454454454454435e+02 8.748725748033076618e-04
9.465465465465465513e+02 8.762983878630370080e-04
9.476476476476476591e+02 8.776965503818885770e-04
9.487487487487487670e+02 8.790664189779526629e-04
9.498498498498498748e+02 8.804073502693198850e-04
9.509509509509509826e+02 8.817187008740804289e-04
9.520520520520520904e+02 8.829998274103246971e-04
9.531531531531531982e+02 8.842500864961426585e-04
9.542542542542543060e+02 8.854688347496253659e-04
9.553553553553554138e+02 8.866554287888625714e-04
9.564564564564565217e+02 8.878092252319448943e-04
9.575575575575576295e+02 8.889295806969625202e-04
9.586586586586587373e+02 8.900158518020059601e-04
9.597597597597598451e+02 8.910673951651653995e-04
9.608608608608609529e+02 8.920835674045314578e-04
9.619619619619619471e+02 8.930637251381941038e-04
9.630630630630630549e+02 8.940072249842439568e-04
9.641641641641641627e+02 8.949134235607712025e-04
9.652652652652652705e+02 8.957816774858664600e-04
9.663663663663663783e+02 8.966113433776198068e-04
9.674674674674674861e+02 8.974017778541215368e-04
9.685685685685685939e+02 8.981523375334621610e-04
9.696696696696697018e+02 8.988623790337320818e-04
9.707707707707708096e+02 8.995312589730217016e-04
9.718718718718719174e+02 9.001583339694208810e-04
9.729729729729730252e+02 9.007429606410204560e-04
9.740740740740741330e+02 9.012844956059106122e-04
9.751751751751752408e+02 9.017822954821817522e-04
9.762762762762763487e+02 9.022357168879241700e-04
9.773773773773774565e+02 9.026441164412281597e-04
9.784784784784785643e+02 9.030068507601843406e-04
9.795795795795796721e+02 9.033232764628826815e-04
9.806806806806806662e+02 9.035927501674134764e-04
9.817817817817817740e+02 9.038146284918675616e-04
9.828828828828828819e+02 9.039882680543347973e-04
9.839839839839839897e+02 9.041130254729060197e-04
9.850850850850850975e+02 9.041882573656710893e-04
9.861861861861862053e+02 9.042133203507205170e-04
9.872872872872873131e+02 9.041875710461450303e-04
9.883883883883884209e+02 9.041103660700342730e-04
9.894894894894895288e+02 9.039810620404790812e-04
9.905905905905906366e+02 9.037990155755696404e-04
9.916916916916917444e+02 9.035635832933962448e-04
9.927927927927928522e+02 9.032741218120495137e-04
9.938938938938939600e+02 9.029299877496195243e-04
9.949949949949950678e+02 9.025305377241966791e-04
9.960960960960961756e+02 9.020751283538714889e-04
9.971971971971972835e+02 9.015631162567341395e-04
9.982982982982983913e+02 9.009938580508747080e-04
9.993993993993993854e+02 9.003667103543841390e-04
1.000500500500500493e+03 8.996810530638987011e-04
1.001601601601601601e+03 8.989369357532716633e-04
1.002702702702702709e+03 8.981351620350249299e-04
1.003803803803803817e+03 8.972765757470080317e-04
1.004904904904904924e+03 8.963620207270706075e-04
1.006006006006006032e+03 8.953923408130620796e-04
1.007107107107107140e+03 8.943683798428320869e-04
1.008208208208208248e+03 8.932909816542303769e-04
1.009309309309309356e+03 8.921609900851063717e-04
1.010410410410410464e+03 8.909792489733094935e-04
1.011511511511511571e+03 8.897466021566895981e-04
1.012612612612612679e+03 8.884638934730961076e-04
1.013713713713713787e+03 8.871319667603786612e-04
1.014814814814814895e+03 8.857516658563865724e-04
1.015915915915916003e+03 8.843238345989698056e-04
1.017017017017017110e+03 8.828493168259775661e-04
1.018118118118118105e+03 8.813289563752598182e-04
1.019219219219219212e+03 8.797635970846657671e-04
1.020320320320320320e+03 8.781540827920452687e-04
1.021421421421421428e+03 8.765012573352476367e-04
1.022522522522522536e+03 8.748059645521225102e-04
1.023623623623623644e+03 8.730690482805195281e-04
1.024724724724724638e+03 8.712913523582884378e-04
1.025825825825825859e+03 8.694737206232781195e-04
1.026926926926927081e+03 8.676169969133387542e-04
1.028028028028028075e+03 8.657220250663201977e-04
1.029129129129129069e+03 8.637896489200715469e-04
1.030230230230230291e+03 8.618207123124421156e-04
1.031331331331331512e+03 8.598160590812817597e-04
1.032432432432432506e+03 8.577765330644404433e-04
1.033533533533533500e+03 8.557029780997673718e-04
1.034634634634634722e+03 8.535962380251117506e-04
1.035735735735735943e+03 8.514571566783235438e-04
1.036836836836836937e+03 8.492865778972527157e-04
1.037937937937937932e+03 8.470853455197484717e-04
1.039039039039038926e+03 8.448543033836602338e-04
1.040140140140140147e+03 8.425942953268372075e-04
1.041241241241241369e+03 8.403061651871295739e-04
1.042342342342342363e+03 8.379907568023870802e-04
1.043443443443443357e+03 8.356489140104591488e-04
1.044544544544544578e+03 8.332814806491945512e-04
1.045645645645645800e+03 8.308893005564434685e-04
1.046746746746746794e+03 8.284732175700560818e-04
1.047847847847847788e+03 8.260340755278811628e-04
1.048948948948949010e+03 8.235727182677682421e-04
1.050050050050050231e+03 8.210899896275669586e-04
1.051151151151151225e+03 8.185867334451276019e-04
1.052252252252252219e+03 8.160637935582991604e-04
1.053353353353353441e+03 8.135220138049308394e-04
1.054454454454454662e+03 8.109622380228724949e-04
1.055555555555555657e+03 8.083853100499744163e-04
1.056656656656656651e+03 8.057920737240855920e-04
1.057757757757757645e+03 8.031833728830553359e-04
1.058858858858858866e+03 8.005600513647331785e-04
1.059959959959960088e+03 7.979229530069689756e-04
1.061061061061061082e+03 7.952729216476126916e-04
1.062162162162162076e+03 7.926108011245135317e-04
1.063263263263263298e+03 7.899374352755203759e-04
1.064364364364364519e+03 7.872536679384835138e-04
1.065465465465465513e+03 7.845603429512530182e-04
1.066566566566566507e+03 7.818583041516778773e-04
1.067667667667667729e+03 7.791483953776071883e-04
1.068768768768768950e+03 7.764314604668908068e-04
1.069869869869869945e+03 7.737083432573792392e-04
1.070970970970970939e+03 7.709798875869213657e-04
1.072072072072072160e+03 7.682469372933660662e-04
1.073173173173173382e+03 7.655103362145634135e-04
1.074274274274274376e+03 7.627709281883638054e-04
1.075375375375375370e+03 7.600295570526161221e-04
1.076476476476476364e+03 7.572870666451698941e-04
1.077577577577577586e+03 7.545443008038742183e-04
1.078678678678678807e+03 7.518021033665791674e-04
1.079779779779779801e+03 7.490613181711349225e-04
1.080880880880880795e+03 7.463227890553904720e-04
1.081981981981982017e+03 7.435873598571948045e-04
1.083083083083083238e+03 7.408558744143978842e-04
1.084184184184184232e+03 7.381291765648502175e-04
1.085285285285285227e+03 7.354081101464003591e-04
1.086386386386386448e+03 7.326935189968977313e-04
1.087487487487487670e+03 7.299862469541925150e-04
1.088588588588588664e+03 7.272871378561343494e-04
1.089689689689689658e+03 7.245970355405725481e-04
1.090790790790790879e+03 7.219167838453562080e-04
1.091891891891892101e+03 7.192472266083351851e-04
1.092992992992993095e+03 7.165892076673599856e-04
1.094094094094094089e+03 7.139435708602792727e-04
1.095195195195195083e+03 7.113111600249429024e-04
1.096296296296296305e+03 7.086928189991995378e-04
1.097397397397397526e+03 7.060893916208994684e-04
1.098498498498498520e+03 7.035017217278930922e-04
1.099599599599599514e+03 7.009306531580289639e-04
1.100700700700700736e+03 6.983769793769677723e-04
1.101801801801801957e+03 6.958408388650577994e-04
1.102902902902902952e+03 6.933219120535023816e-04
1.104004004004003946e+03 6.908198699746110824e-04
1.105105105105105167e+03 6.883343836606936822e-04
1.106206206206206389e+03 6.858651241440606120e-04
1.107307307307307383e+03 6.834117624570228448e-04
1.108408408408408377e+03 6.809739696318897273e-04
1.109509509509509599e+03 6.785514167009712569e-04
1.110610610610610820e+03 6.761437746965778643e-04
1.111711711711711814e+03 6.737507146510200891e-04
1.112812812812812808e+03 6.713719075966080368e-04
1.113913913913913802e+03 6.690070245656514879e-04
1.115015015015015024e+03 6.666557365904604397e-04
1.116116116116116245e+03 6.643177147033452147e-04
1.117217217217217240e+03 6.619926299366166774e-04
1.118318318318318234e+03 6.596801533225843915e-04
1.119419419419419455e+03 6.573799558935581374e-04
1.120520520520520677e+03 6.550917086818485629e-04
1.121621621621621671e+03 6.528150827197660988e-04
1.122722722722722665e+03 6.505497490396207425e-04
1.123823823823823886e+03 6.482953786737219492e-04
1.124924924924925108e+03 6.460516426543805833e-04
1.126026026026026102e+03 6.438182120139070760e-04
1.127127127127127096e+03 6.415947577846112075e-04
1.128228228228228318e+03 6.393809509988027584e-04
1.129329329329329539e+03 6.371764626887922679e-04
1.130430430430430533e+03 6.349809638868903839e-04
1.131531531531531527e+03 6.327941256254066699e-04
1.132632632632632522e+03 6.306156189366515568e-04
1.133733733733733743e+03 6.284451148529344999e-04
1.134834834834834965e+03 6.262822844065663638e-04
1.135935935935935959e+03 6.241267986298575793e-04
1.137037037037036953e+03 6.219783285551179269e-04
1.138138138138138174e+03 6.198365452146572955e-04
1.139239239239239396e+03 6.177011196407858990e-04
1.140340340340340390e+03 6.155717228658146023e-04
1.141441441441441384e+03 6.134480259220532940e-04
1.142542542542542606e+03 6.113296998418113210e-04
1.143643643643643827e+03 6.092164156573996563e-04
1.144744744744744821e+03 6.071078444011286223e-04
1.145845845845845815e+03 6.050036571053079995e-04
1.146946946946947037e+03 6.029035248022476768e-04
1.148048048048048258e+03 6.008071185242581935e-04
1.149149149149149252e+03 5.987141093036499806e-04
1.150250250250250247e+03 5.966241681727328184e-04
1.151351351351351241e+03 5.945369661638171379e-04
1.152452452452452462e+03 5.924521743092123942e-04
1.153553553553553684e+03 5.903694636412294520e-04
1.154654654654654678e+03 5.882885051921784170e-04
1.155755755755755672e+03 5.862089699943696117e-04
1.156856856856856894e+03 5.841305290801123828e-04
1.157957957957958115e+03 5.820528534817175949e-04
1.159059059059059109e+03 5.799756142314955705e-04
1.160160160160160103e+03 5.778984823617560902e-04
1.161261261261261325e+03 5.758211289048091510e-04
1.162362362362362546e+03 5.737432248929650756e-04
1.163463463463463540e+03 5.716644413585344033e-04
1.164564564564564535e+03 5.695844493338273482e-04
1.165665665665665756e+03 5.675029198511530402e-04
1.166766766766766978e+03 5.654195239428226692e-04
1.167867867867867972e+03 5.633339326411463408e-04
1.168968968968968966e+03 5.612458169784338355e-04
1.170070070070069960e+03 5.591548479869955842e-04
1.171171171171171181e+03 5.570606966991412589e-04
1.172272272272272403e+03 5.549630341471812906e-04
1.173373373373373397e+03 5.528615313634265439e-04
1.174474474474474391e+03 5.507558593801862570e-04
1.175575575575575613e+03 5.486456892297708610e-04
1.176676676676676834e+03 5.465306919444903530e-04
1.177777777777777828e+03 5.444105385566555978e-04
1.178878878878878822e+03 5.422849000985763756e-04
1.179979979979980044e+03 5.401534476025622502e-04
1.181081081081081265e+03 5.380158521009240861e-04
1.182182182182182260e+03 5.358717846259720974e-04
1.183283283283283254e+03 5.337209162100162814e-04
1.184384384384384475e+03 5.315629178853664184e-04
1.185485485485485697e+03 5.293974606843329395e-04
1.186586586586586691e+03 5.272242156392264924e-04
1.187687687687687685e+03 5.250428537823569660e-04
1.188788788788788679e+03 5.228530461460341406e-04
1.189889889889889901e+03 5.206544637625682304e-04
1.190990990990991122e+03 5.184467776642695579e-04
1.192092092092092116e+03 5.162296588834486624e-04
1.193193193193193110e+03 5.140027784524154328e-04
1.194294294294294332e+03 5.117658074034795411e-04
1.195395395395395553e+03 5.095184167689516350e-04
1.196496496496496547e+03 5.072602775811423624e-04
1.197597597597597542e+03 5.049910608723612868e-04
1.198698698698698763e+03 5.027104376749181886e-04
1.199799799799799985e+03 5.004180790211237156e-04
1.200900900900900979e+03 4.981136559432886241e-04
1.202002002002001973e+03 4.957968394737222607e-04
1.203103103103103194e+03 4.934673006447346227e-04
1.204204204204204416e+03 4.911247104886363578e-04
1.205305305305305410e+03 4.887687400377378972e-04
1.206406406406406404e+03 4.863990603243490752e-04
1.207507507507507398e+03 4.840153423807800519e-04
1.208608608608608620e+03 4.816172572393404992e-04
1.209709709709709841e+03 4.792044759323410650e-04
1.210810810810810835e+03 4.767766694920923427e-04
1.211911911911911830e+03 4.743335089509041671e-04
1.213013013013013051e+03 4.718746653410860474e-04
1.214114114114114273e+03 4.693998096949486857e-04
1.215215215215215267e+03 4.669086130448027840e-04
1.216316316316316261e+03 4.644007464229580142e-04
1.217417417417417482e+03 4.618758808617239942e-04
1.218518518518518704e+03 4.593336873934113717e-04
1.219619619619619698e+03 4.567738370503309571e-04
1.220720720720720692e+03 4.541960008647922598e-04
1.221821821821821914e+03 4.515998498691050603e-04
1.222922922922923135e+03 4.489850550955798978e-04
1.224024024024024129e+03 4.463512875765275286e-04
1.225125125125125123e+03 4.436982183442576247e-04
1.226226226226226345e+03 4.410255184310798039e-04
1.227327327327327339e+03 4.383328588693053102e-04
1.228428428428428560e+03 4.356199106912431651e-04
1.229529529529529555e+03 4.328863449292047211e-04
1.230630630630630776e+03 4.301318326154989456e-04
1.231731731731731770e+03 4.273560447824372452e-04
1.232832832832832992e+03 4.245586524623284788e-04
1.233933933933933986e+03 4.217393266874842157e-04
1.235035035035034980e+03 4.188977384902137484e-04
1.236136136136136201e+03 4.160335589028268575e-04
1.237237237237237196e+03 4.131464589576348411e-04
1.238338338338338417e+03 4.102361096869466123e-04
1.239439439439439411e+03 4.073021821230736320e-04
1.240540540540540633e+03 4.043443472983248134e-04
1.241641641641641627e+03 4.013622762450115631e-04
1.242742742742742848e+03 3.983556399954427400e-04
1.243843843843843842e+03 3.953241095819298593e-04
1.244944944944945064e+03 3.922673560367817796e-04
1.246046046046046058e+03 3.891850503923098537e-04
1.247147147147147280e+03 3.860768636808231571e-04
1.248248248248248274e+03 3.829424669346329882e-04
1.249349349349349495e+03 3.797815311860483142e-04
1.250450450450450489e+03 3.765937274673805419e-04
1.251551551551551711e+03 3.733787268109385301e-04
1.252652652652652705e+03 3.701362002490337397e-04
1.253753753753753699e+03 3.668658188139757343e-04
1.254854854854854921e+03 3.635672535380740774e-04
1.255955955955955915e+03 3.602401754536400675e-04
1.257057057057057136e+03 3.568842555929827801e-04
1.258158158158158130e+03 3.534991649884135136e-04
1.259259259259259352e+03 3.500845746722411268e-04
1.260360360360360346e+03 3.466401556767772976e-04
1.261461461461461568e+03 3.431655790343306135e-04
1.262562562562562562e+03 3.396605157772128068e-04
1.263663663663663783e+03 3.361246369377324651e-04
1.264764764764764777e+03 3.325576135482014289e-04
1.265865865865865999e+03 3.289591166409280691e-04
1.266966966966966993e+03 3.253288172482242803e-04
1.268068068068068214e+03 3.216663864023987045e-04
1.269169169169169209e+03 3.179714951357629654e-04
1.270270270270270430e+03 3.142438144806256506e-04
1.271371371371371424e+03 3.104830154692986548e-04
1.272472472472472418e+03 3.066887691340912164e-04
1.273573573573573640e+03 3.028607465073127362e-04
1.274674674674674634e+03 2.989986186212750005e-04
1.275775775775775855e+03 2.951020565082865428e-04
1.276876876876876850e+03 2.911707312006590951e-04
1.277977977977978071e+03 2.872043137307013537e-04
1.279079079079079065e+03 2.832024751307249963e-04
1.280180180180180287e+03 2.791648864330385023e-04
1.281281281281281281e+03 2.750912186699538205e-04
1.282382382382382502e+03 2.709811428737793760e-04
1.283483483483483496e+03 2.668343300768270636e-04
1.284584584584584718e+03 2.626504513114053083e-04
1.285685685685685712e+03 2.584291776098259505e-04
1.286786786786786934e+03 2.541701800043975781e-04
1.287887887887887928e+03 2.498731295274318688e-04
1.288988988988989149e+03 2.455376972112374647e-04
1.290090090090090143e+03 2.411635540881261247e-04
1.291191191191191137e+03 2.367503711904073041e-04
1.292292292292292359e+03 2.322978195503901328e-04
1.293393393393393353e+03 2.278055702003866680e-04
1.294494494494494575e+03 2.232732941727050638e-04
1.295595595595595569e+03 2.187006624996576485e-04
1.296696696696696790e+03 2.140873462135524136e-04
1.297797797797797784e+03 2.094330163467016332e-04
1.298898898898899006e+03 2.047373439314134342e-04
1.300000000000000000e+03 2.000000000000000096e-04
